130d9ce6576f5fe8be62e199a1c671f00cd74c7a23ad41db63090c33aa16a0ca 2 0 0 0
13107733bbe7f3114c645db7d12655386bcfedd405a7565296be9b6dd5462e13 19 9 6339 1287
13aaf11df9e31c4e40acc686e6796a2d8afaa013792a9df2cf6df67cbc5222d8 6 6 7073 302
169805ea8da3e70805c4630cc8902e01533136fdf676462860b949506eb86efa 2 2 850 6
17bd881b30567932338660b3ae53a26176eea2c1ed622a7c218752bfff982e93 6 5 6670 280
1aa67912a7a0520de08a2c61d8b9fcff734cb7545f4a9293d5bfb9f6eddcc3cd 2 2 885 31
1d6aa029a31be0263af76fbff811719eb00fbfd245bd4243dd2e1a6f5dde0be2 46 1 18 3
1edd7704bb21217ee5115634b9e9ef1d1f1a56d74775eb40c6c36b498b517c8c 3 3 21060 26
2bbe2ed3b4f65bc636619056e56a95f262571aaf171f1ad6512c56ff03df6f60 20 11 5055 470
2caa124a1593d1d412f8835e78b4e05e660d451990c5db95590ee7b1e11f91a3 9 7 21726 125
313343eb4c3d31a1db82e6cf7b41884462dc5a8d5fbb165df27c06b478213e3c 22 11 2555 445
320e58253525d1b3f29a61b191c84e1dabc65f74389650ba403659bf2820190e 1 1 3161 0
3d7d115dfeceb17b39b51c36e30eb7676300b89dadd6f534805d75880f06273b 10 2 159 3
431a04e6dc4f023459d9b1e201ffb65989a3cb88883529115845f724958428fc 32 3 41 23
54464e470788a06b23f54200bafd1927e5779160449f22cccfb2746562676d6e 6 4 28366 77
57c2c05f40f204860f722f4d4dec90918083eed57d8b0b9ffe82f174733e606d 2 2 2173690 0
5950338fc7b17a49b8fc958a5056db4251a7c8cca97cb63546c126186e01e270 1 0 0 0
5e0f74ecccff2b28d33ee5c23fd5df5d1dd18f544800114164f77e50f0c55b9c 25 0 0 0
635efda980df219657573624f65ed2258c434e27551e7a01664fb2badd516485 22 10 1403 438
6ae6ab2af2d30dfa0baf5dbba8f57bb342c7406fd9a6f47fc66cd08bb2ca6bb4 11 3 6118 20387
773ff2dba96c50ab38b8dd00bf1728eb8086b266633b26fe94bcdd8130f18d90 1 1 2967 0
82362aeb2099de3425eb305fbada02fcffba88719ba267fc968e56d262227142 40 40 8442 1056
86f372bd5b1d45dc14ae243803e6911ea8a242944f5f6841d6025f35dbf7b2a3 31 0 0 0
8a9887779546b9dc94b7575c5b7e126110b6571ee96e8f5ee8ef8277215659d2 7 7 220 14
968123f4d74fa681b167be388df70115235e9dc0e5a8968f60b1895c477233c9 1 1 2976 0
9e896a67b38cf9257e58d86405a39eb95e9f77d2f419d4623b3dd0e35714c283 1 0 0 0
9ed69a80652796beee74a50e8494786d624f05aabd2cd063fec034a0e40a40b0 55 21 494 226
a1441ab04299d5b758977d440a0ece6e4b7758d6efa0c989a66b4432b3ae7597 115 33 13319 1498
a147acb33e1ca987664e42a6e97c343144d9ff869627e00cea7f1f1e2a8a6809 4 2 3025 15
ac4322e96aa2a6cd71ea756646c39931cf8c37269ab980e5ab1752c6ec21e023 3 1 34 26
aea3f7575e6acb1e1178130c1af00fecc6245874f3979e84cd422c4abb119986 2 1 14 21
c2523bce5c1f4fe2fb6d78d3c98989a4d0da8b9f805da9ec29aee06a99d440dc 1 0 0 0
c6fe89c141235dd5c5f03a8fe6ea461a1b94eb10d425990009559442645ba106 5 5 5330 1235
c71d874b069958d8ae42cfaba88b37ebf5cabad3eb7980cc29dabbeecbb72b5e 2 2 641 6
ce5d9c05356e1b1d2bc46f451d83ba52da880c3eaf01303a3abace976907b385 1 1 7691 0
cf22aa4d7a1d970fbb58593640e397c6391e601c4f1c9c59ddf7ec96c154ac25 12 5 31420 761
d70961b90517102d409aa1fdf6fc745e8940b7ab1a96350403f0436225925652 13 0 0 0
d80aa06928376bdb4c3b8985ef8e9c1da1dc98c303d56a8b8307c3248a75eae5 2 2 265 0
d8e0a8822b06cdee9f928b9b6e10bd2088bc52f40e441ab7fcbc6a5686e80aa3 2 2 111934 1
da6a9b1892ac1ba99e4a7b8496217466842d290612a059bc976fa4b943901250 7 7 7754 654
dfd468c092afc86fec945229bbbb7ec3544d7542567c5dadf0c23f2aec3b1384 1 0 0 0
e4638092d3b512ab9d8811aac38435bf4828967b49bf2dfcbb8451c1997dc07d 2 2 3739 19
e706a6f1dccaa4c4cf7648640a73d0ae99561de3322f89c09528aeb86175fc85 59 0 0 0
e716c5d4ce846aab16c4e2831ac3b5bb4b9498bea43b5c23efc353b7ca35f10d 11 11 33116 23
eac42e564e72e2b0ed62c0117b75eb1278c756b62803bfcdb537026f6002480d 33 33 20193 10858
ecbb96dad12d9aeaf3c52ed8e8452d8f97c5bc5fa42a60b7eb352394fdb0ac28 1 1 2129 0
f000611c9f9d85f37fac853ee891544ad0afe755446de337a48630ca9ab19fd4 26 0 0 0
f0d33eb74a8dfa5a991b3aca7b4c681214678e73ad73f7ed66a6b10e8862d59b 1 1 3982 0
f544d106fbdb9af865b6ede0dece173f1d1b050585fff4ec0e446e3c3bc520fd 4 4 2842 43
